===== violet =====
O0: 0.0575166765	0.0715323058
O1: 0.0654321670	0.0304524819
O2: 0.0645073942	0.0217901450
O3: 0.0628459240	0.0151867834
Ofast: -

===== kitty =====
O0: 0.0575166765	0.0715323058
O1: 0.0654321670	0.0304524819
O2: 0.0645073942	0.0217901450
O3: 0.0628459240	0.0151867834
Ofast: -

